запрос серийника
00000620 8 HEX   40  FF  2F  00  00  00  00  00
000005A0 8 HEX   41  FF  2F  00  11  00  00  00

00000620 8 HEX   60  00  00  00  00  00  00  00
000005A0 8 HEX   00  30  30  33  36  35  34  00

00000620 8 HEX   70  00  00  00  00  00  00  00
000005A0 8 HEX   10  00  00  00  00  00  00  00

00000620 8 HEX   60  00  00  00  00  00  00  00
000005A0 8 HEX   09  00  00  00  00  00  00  00

Запрос версии ПО
00000620 8 HEX   40  0A  10  00  00  00  00  00
000005A0 8 HEX   41  0A  10  00  0B  00  00  00

00000620 8 HEX   60  00  00  00  00  00  00  00
000005A0 8 HEX   00  31  2E  35  37  2E  34  00

00000620 8 HEX   70  00  00  00  00  00  00  00
000005A0 8 HEX   17  00  00  00  00  00  00  00

запрос имени устройства
00000620 8 HEX   40  08  10  00  00  00  00  00
000005A0 8 HEX   41  08  10  00  0C  00  00  00

00000620 8 HEX   60  00  00  00  00  00  00  00
000005A0 8 HEX   00  42  4D  53  20  4D  61  69

00000620 8 HEX   70  00  00  00  00  00  00  00
000005A0 8 HEX   15  6E  20  4E  47  00  00  00